Target: <TARGET_DIR>
8 rounds; 2000 measured batches + 100 warmup batches/case; 1 writes/batch; overwrite/fallocate file 550502400 bytes
Buffered pwrite; single thread; setup/warmup/drain excluded; method order rotates each round.

round workload    block method         MiB/s   batches/s write_avg_us sync_avg_us sync_p50_us sync_p95_us sync_p99_us batch_p99_us  drain_ms
    1 append     262144 fsync         755.97      3023.9       179.79     150.76     143.61     186.48     212.60       766.38      0.00
    1 append     262144 fdatasync     736.10      2944.4       187.33     152.15     144.66     186.17     208.95       689.62      0.00
    1 fallocate  262144 fsync         824.79      3299.1       153.26     149.74     144.94     181.70     202.09       565.41      0.00
    1 fallocate  262144 fdatasync     801.16      3204.7       162.46     149.48     142.32     182.19     197.11       525.02      0.00
    1 overwrite  262144 fsync         810.41      3241.6       136.23     172.09     116.12     166.95    2573.79      2901.90      0.00
    1 overwrite  262144 fdatasync     889.22      3556.9       164.76     116.25     114.56     124.83     137.14       591.54      0.03
    2 append     262144 fdatasync     813.05      3252.2       160.44     146.90     141.95     181.61     200.41       543.50      0.00
    2 append     262144 fsync         770.47      3081.9       175.26     149.10     142.27     184.09     206.31       883.53      0.00
    2 fallocate  262144 fdatasync     804.64      3218.6       157.56     153.01     147.47     184.54     203.13       575.45      0.00
    2 fallocate  262144 fsync         824.51      3298.1       154.47     148.61     141.29     181.08     198.22       547.83      0.00
    2 overwrite  262144 fdatasync    1049.42      4197.7       122.56     115.57     113.94     122.95     135.73       528.18      0.03
    2 overwrite  262144 fsync         810.14      3240.6       139.49     168.99     116.84     168.58    2647.25      2769.82      0.00
    3 append     262144 fsync         824.22      3296.9       155.50     147.70     142.45     181.95     198.12       538.12      0.00
    3 append     262144 fdatasync     803.00      3212.0       161.82     149.39     142.70     179.63     201.08       563.34      0.00
    3 fallocate  262144 fsync         798.92      3195.7       161.81     150.99     145.51     184.95     202.74       584.25      0.00
    3 fallocate  262144 fdatasync     827.25      3309.0       155.04     147.06     141.54     180.45     200.05       554.49      0.00
    3 overwrite  262144 fsync         762.00      3048.0       154.03     173.94     117.51     178.55    2367.86      2750.55      0.00
    3 overwrite  262144 fdatasync    1077.77      4311.1       116.86     115.02     113.67     120.44     125.98       506.81      0.04
    4 append     262144 fdatasync     828.61      3314.4       154.79     146.83     141.40     183.17     200.66       533.14      0.00
    4 append     262144 fsync         791.32      3165.3       167.52     148.29     142.82     181.50     207.06       768.99      0.00
    4 fallocate  262144 fdatasync     785.37      3141.5       166.62     151.58     147.20     185.11     204.92       563.55      0.00
    4 fallocate  262144 fsync         801.58      3206.3       163.93     147.84     142.34     180.34     199.04       587.28      0.00
    4 overwrite  262144 fdatasync     987.73      3950.9       135.96     117.05     114.26     126.55     144.76       622.01      0.04
    4 overwrite  262144 fsync         862.06      3448.2       135.25     154.65     116.82     164.76    2011.78      2211.43      0.00
    5 append     262144 fsync         715.89      2863.5       183.04     166.05     144.94     184.45     495.25       858.77      0.00
    5 append     262144 fdatasync     795.35      3181.4       163.80     150.42     143.37     182.18     200.60       592.04      0.00
    5 fallocate  262144 fsync         812.91      3251.6       156.62     150.80     146.86     183.15     202.69       528.52      0.00
    5 fallocate  262144 fdatasync     797.33      3189.3       164.16     149.27     142.40     181.26     200.68       546.86      0.00
    5 overwrite  262144 fsync         789.03      3156.1       138.04     178.70     116.64     169.48    2500.93      2872.92      0.00
    5 overwrite  262144 fdatasync     981.10      3924.4       139.60     115.13     113.62     121.57     130.22       569.26      0.04
    6 append     262144 fdatasync     805.58      3222.3       161.15     149.08     142.24     181.61     203.41       552.29      0.00
    6 append     262144 fsync         804.77      3219.1       163.13     147.40     142.23     182.12     200.93       566.09      0.00
    6 fallocate  262144 fdatasync     760.95      3043.8       174.80     153.61     147.80     183.66     204.55       614.45      0.00
    6 fallocate  262144 fsync         803.73      3214.9       163.72     147.23     142.70     181.28     198.14       525.62      0.00
    6 overwrite  262144 fdatasync    1038.64      4154.6       124.89     115.72     114.24     123.37     132.70       535.83      0.06
    6 overwrite  262144 fsync         720.35      2881.4       166.88     180.06     118.77     184.30    2530.86      2916.14      0.00
    7 append     262144 fsync         797.30      3189.2       163.94     149.51     143.09     182.59     205.78       569.87      0.00
    7 append     262144 fdatasync     754.98      3019.9       165.05     165.97     154.87     228.29     296.61       611.74      0.00
    7 fallocate  262144 fsync         805.88      3223.5       159.18     150.93     145.29     184.38     210.72       605.22      0.00
    7 fallocate  262144 fdatasync     805.22      3220.9       161.56     148.81     143.02     180.25     194.62       532.58      0.00
    7 overwrite  262144 fsync         782.98      3131.9       132.37     186.83     116.66     169.61    2413.61      2734.83      0.00
    7 overwrite  262144 fdatasync    1029.82      4119.3       125.06     117.62     114.57     132.50     167.82       528.61      0.06
    8 append     262144 fdatasync     720.88      2883.5       184.82     161.86     148.77     224.89     301.37      1042.95      0.00
    8 append     262144 fsync         816.35      3265.4       159.04     147.09     142.03     181.88     200.07       523.94      0.00
    8 fallocate  262144 fdatasync     798.65      3194.6       160.20     152.72     147.21     184.30     201.78       564.95      0.00
    8 fallocate  262144 fsync         804.26      3217.0       161.13     149.59     142.68     182.76     198.20       544.84      0.00
    8 overwrite  262144 fdatasync    1017.44      4069.8       129.85     115.77     114.61     123.70     131.24       498.80      0.09
    8 overwrite  262144 fsync         884.93      3539.7       123.65     158.77     115.07     165.29    2114.37      2346.55      0.00

All rounds combined (total measured bytes / total measured time):
workload    block    fsync MiB/s  fdatasync MiB/s  fdatasync/fsync  sync p99 us (fsync / fdatasync)
append     262144         783.06           780.41           0.997x         206.30 / 238.88
fallocate  262144         809.46           797.18           0.985x         201.35 / 202.16
overwrite  262144         799.72          1005.82           1.258x        2398.04 / 138.59

CSV: <OUTPUT_DIR>/buffered.csv
