Target: <TARGET_DIR>
8 rounds; 2000 measured batches + 100 warmup batches/case; 1 writes/batch; overwrite/fallocate file 68812800 bytes
Buffered pwrite; single thread; setup/warmup/drain excluded; method order rotates each round.

round workload    block method         MiB/s   batches/s write_avg_us sync_avg_us sync_p50_us sync_p95_us sync_p99_us batch_p99_us  drain_ms
    1 append      32768 fsync         418.81     13402.0        26.76      47.78      42.82      76.65     107.31       362.26      0.00
    1 append      32768 fdatasync     430.42     13773.4        25.96      46.57      42.69      73.38     103.56       332.38      0.00
    1 fallocate   32768 fsync         437.85     14011.1        25.04      46.27      42.42      74.37     104.31       330.73      0.00
    1 fallocate   32768 fdatasync     435.72     13943.1        25.19      46.46      42.74      68.07     104.77       301.91      0.00
    1 overwrite   32768 fsync         370.77     11864.5        26.87      57.34      22.14      74.76    1940.39      1952.82      0.00
    1 overwrite   32768 fdatasync     677.87     21691.7        20.92      25.11      21.81      64.54      85.23       210.79      0.03
    2 append      32768 fdatasync     424.24     13575.6        26.53      47.07      42.67      74.52     112.57       325.65      0.00
    2 append      32768 fsync         393.29     12585.4        32.24      47.15      43.60      70.88     103.67       244.90      0.00
    2 fallocate   32768 fdatasync     428.67     13717.5        25.87      46.95      42.96      74.86     106.80       326.39      0.00
    2 fallocate   32768 fsync         419.51     13424.2        27.17      47.24      43.08      74.55     108.36       343.06      0.00
    2 overwrite   32768 fdatasync     689.81     22074.0        19.83      25.41      21.89      71.54      83.68       196.34      0.03
    2 overwrite   32768 fsync         526.54     16849.2        20.98      38.31      21.95      71.06     100.46       361.71      0.00
    3 append      32768 fsync         416.56     13330.0        27.78      47.17      43.16      71.67     104.69       322.43      0.00
    3 append      32768 fdatasync     427.32     13674.3        25.91      47.15      42.80      72.95     104.55       313.05      0.00
    3 fallocate   32768 fsync         424.62     13587.8        26.51      47.02      42.57      76.49     113.55       360.93      0.00
    3 fallocate   32768 fdatasync     444.18     14213.8        24.20      46.09      42.22      73.36     106.48       323.16      0.00
    3 overwrite   32768 fsync         573.02     18336.8        18.24      36.23      21.84      44.36      97.32       291.73      0.00
    3 overwrite   32768 fdatasync     696.31     22281.8        19.80      25.02      22.04      33.14      80.70       252.22      0.03
    4 append      32768 fdatasync     413.06     13217.9        28.71      46.88      43.01      69.58     104.16       281.30      0.00
    4 append      32768 fsync         416.37     13323.8        28.09      46.90      42.95      70.74     105.97       276.80      0.00
    4 fallocate   32768 fdatasync     426.46     13646.8        26.60      46.61      42.61      72.17     107.51       283.55      0.00
    4 fallocate   32768 fsync         440.57     14098.4        24.13      46.73      42.49      74.20     108.39       311.92      0.00
    4 overwrite   32768 fdatasync     680.10     21763.2        19.82      26.06      21.97      71.77      89.53       269.51      0.04
    4 overwrite   32768 fsync         555.70     17782.3        18.36      37.82      22.03      74.12      99.66       326.99      0.00
    5 append      32768 fsync         428.72     13718.9        25.89      46.94      42.93      71.38     107.11       296.89      0.00
    5 append      32768 fdatasync     436.08     13954.5        24.88      46.72      42.67      72.70     105.76       287.71      0.00
    5 fallocate   32768 fsync         404.37     12939.7        30.13      47.09      43.31      69.04     105.27       294.09      0.00
    5 fallocate   32768 fdatasync     446.12     14275.9        23.64      46.35      42.56      71.70     107.55       307.29      0.00
    5 overwrite   32768 fsync         724.11     23171.5        16.58      26.52      21.97      71.83      89.28       234.88      0.00
    5 overwrite   32768 fdatasync     749.14     23972.5        16.82      24.84      21.85      47.33      80.64       267.31      0.03
    6 append      32768 fdatasync     328.67     10517.4        43.84      51.16      44.74      90.55     117.03       646.21      0.00
    6 append      32768 fsync         391.00     12512.0        31.85      48.00      43.73      71.20     109.32       361.53      0.00
    6 fallocate   32768 fdatasync     404.15     12932.6        29.83      47.43      43.33      68.43     105.40       373.37      0.00
    6 fallocate   32768 fsync         393.18     12581.8        31.38      48.03      43.29      71.22     108.74       343.89      0.00
    6 overwrite   32768 fdatasync     712.98     22815.5        18.98      24.79      21.99      30.92      80.09       270.95      0.04
    6 overwrite   32768 fsync         572.26     18312.2        20.16      34.38      22.02      45.07      91.61       279.40      0.00
    7 append      32768 fsync         441.88     14140.2        24.08      46.58      42.79      69.92     105.27       347.69      0.00
    7 append      32768 fdatasync     407.57     13042.4        29.39      47.21      43.12      70.78     107.90       306.09      0.00
    7 fallocate   32768 fsync         426.14     13636.4        25.52      47.74      42.59      76.30     102.51       349.71      0.00
    7 fallocate   32768 fdatasync     422.18     13509.7        27.27      46.69      42.82      72.19     102.25       311.24      0.00
    7 overwrite   32768 fsync         701.92     22461.6        17.92      26.54      21.87      72.12      90.20       263.64      0.00
    7 overwrite   32768 fdatasync     717.50     22960.0        18.33      25.16      21.87      67.91      82.06       267.52      0.04
    8 append      32768 fdatasync     442.70     14166.4        23.26      47.27      42.86      75.24     107.03       322.82      0.00
    8 append      32768 fsync         416.44     13326.0        27.55      47.42      43.44      72.59     102.55       341.55      0.00
    8 fallocate   32768 fdatasync     440.42     14093.4        24.15      46.75      42.62      73.80     106.19       345.59      0.00
    8 fallocate   32768 fsync         438.95     14046.5        25.02      46.11      42.67      66.15     102.97       298.35      0.00
    8 overwrite   32768 fdatasync     709.28     22697.1        18.59      25.40      21.79      50.16      84.72       310.06      0.03
    8 overwrite   32768 fsync         512.96     16414.7        21.19      39.67      22.07      67.10      99.95       339.96      0.00

All rounds combined (total measured bytes / total measured time):
workload    block    fsync MiB/s  fdatasync MiB/s  fdatasync/fsync  sync p99 us (fsync / fdatasync)
append      32768         414.78           410.47           0.990x         105.58 / 108.26
fallocate   32768         422.53           430.59           1.019x         105.93 / 106.19
overwrite   32768         546.31           703.46           1.288x          99.62 / 83.36

CSV: <OUTPUT_DIR>/buffered.csv
