Target: <TARGET_DIR>
8 rounds; 2000 measured batches + 100 warmup batches/case; 1 writes/batch; overwrite/fallocate file 137625600 bytes
Buffered pwrite; single thread; setup/warmup/drain excluded; method order rotates each round.

round workload    block method         MiB/s   batches/s write_avg_us sync_avg_us sync_p50_us sync_p95_us sync_p99_us batch_p99_us  drain_ms
    1 append      65536 fsync         600.65      9610.4        42.72      61.24      56.48     105.37     122.02       328.89      0.00
    1 append      65536 fdatasync     584.56      9353.0        45.42      61.42      56.60     104.84     122.63       342.15      0.00
    1 fallocate   65536 fsync         559.06      8944.9        49.45      62.26      56.50     104.31     123.94       314.68      0.00
    1 fallocate   65536 fdatasync     544.70      8715.2        50.39      64.27      56.74     105.66     120.44       387.24      0.00
    1 overwrite   65536 fsync         716.73     11467.7        37.14      49.98      36.01      65.17      92.36       350.52      0.00
    1 overwrite   65536 fdatasync     892.68     14282.9        32.12      37.82      35.73      44.31      73.16       330.49      0.03
    2 append      65536 fdatasync     555.54      8888.7        47.12      65.29      57.55     106.66     122.39       351.94      0.00
    2 append      65536 fsync         576.94      9231.1        45.06      63.18      57.35     105.92     122.87       362.94      0.00
    2 fallocate   65536 fdatasync     551.35      8821.7        48.77      64.50      56.78     106.21     124.87       369.75      0.00
    2 fallocate   65536 fsync         525.47      8407.5        55.71      63.13      57.20     106.86     125.73       563.78      0.00
    2 overwrite   65536 fdatasync     840.77     13452.3        35.06      39.21      35.35      64.68      80.82       346.97      0.03
    2 overwrite   65536 fsync         738.77     11820.3        34.04      50.49      35.45      68.16     110.31       388.85      0.00
    3 append      65536 fsync         516.68      8266.9        56.58      64.29      58.53     106.45     123.87       371.79      0.00
    3 append      65536 fdatasync     576.07      9217.1        45.99      62.42      57.26     106.08     125.54       357.28      0.00
    3 fallocate   65536 fsync         507.74      8123.8        55.97      67.03      59.02     107.10     124.73       409.62      0.00
    3 fallocate   65536 fdatasync     556.81      8909.0        48.46      63.70      57.56     106.22     123.57       371.73      0.00
    3 overwrite   65536 fsync         638.43     10215.0        35.04      62.79      35.45      73.02    1213.36      1240.22      0.00
    3 overwrite   65536 fdatasync     829.80     13276.8        35.45      39.80      35.59      66.22      84.45       361.80      0.04
    4 append      65536 fdatasync     591.70      9467.2        43.41      62.13      56.82     105.34     117.56       333.86      0.00
    4 append      65536 fsync         554.42      8870.7        50.07      62.57      57.20     105.53     123.40       353.76      0.00
    4 fallocate   65536 fdatasync     576.35      9221.6        45.56      62.78      57.42     105.33     123.13       352.42      0.00
    4 fallocate   65536 fsync         567.71      9083.4        47.87      62.13      56.58     105.36     123.09       369.96      0.00
    4 overwrite   65536 fdatasync     838.82     13421.1        34.50      39.94      35.45      70.65      85.27       302.58      0.10
    4 overwrite   65536 fsync         570.56      9128.9        55.86      53.59      36.33      69.49     122.21       614.72      0.00
    5 append      65536 fsync         504.92      8078.7        58.62      65.01      57.81     108.57     126.10       497.39      0.00
    5 append      65536 fdatasync     519.68      8314.9        55.44      64.68      57.79     106.94     133.22       412.93      0.00
    5 fallocate   65536 fsync         565.39      9046.2        48.37      62.07      56.89     106.37     123.86       345.83      0.00
    5 fallocate   65536 fdatasync     581.21      9299.4        45.41      62.04      56.52     105.43     120.86       362.53      0.00
    5 overwrite   65536 fsync         540.27      8644.3        39.15      76.45      35.47      69.94    2512.06      2708.57      0.00
    5 overwrite   65536 fdatasync     845.90     13534.4        35.20      38.62      35.37      64.19      80.44       358.95      0.04
    6 append      65536 fdatasync     564.16      9026.6        48.53      62.17      56.80     106.42     122.85       354.70      0.00
    6 append      65536 fsync         574.17      9186.7        47.07      61.70      56.50     105.45     120.80       402.94      0.00
    6 fallocate   65536 fdatasync     574.06      9185.0        47.83      60.97      56.54     104.27     116.98       306.56      0.00
    6 fallocate   65536 fsync         564.39      9030.3        49.35      61.31      56.51     104.42     117.60       376.80      0.00
    6 overwrite   65536 fdatasync     851.13     13618.0        33.72      39.65      35.24      69.27      87.46       328.00      0.08
    6 overwrite   65536 fsync         674.91     10798.6        35.46      57.07      35.40      69.03     124.59       490.85      0.00
    7 append      65536 fsync         559.21      8947.3        49.64      62.04      57.00     105.69     120.63       337.86      0.00
    7 append      65536 fdatasync     558.25      8932.0        50.04      61.84      56.70     105.17     119.63       330.53      0.00
    7 fallocate   65536 fsync         568.94      9103.0        48.59      61.18      56.39     105.03     119.86       334.45      0.00
    7 fallocate   65536 fdatasync     597.47      9559.5        43.55      60.98      55.86     105.28     124.42       339.62      0.00
    7 overwrite   65536 fsync         560.44      8967.0        39.09      72.36      35.54      72.01    2178.80      2201.50      0.00
    7 overwrite   65536 fdatasync     866.50     13864.0        33.62      38.45      35.34      65.62      81.34       314.11      0.07
    8 append      65536 fdatasync     552.82      8845.2        51.10      61.87      57.02     106.41     120.88       345.49      0.00
    8 append      65536 fsync         575.27      9204.3        46.46      62.10      56.69     105.99     123.54       335.06      0.00
    8 fallocate   65536 fdatasync     561.05      8976.8        49.50      61.82      56.49     104.66     128.37       402.25      0.00
    8 fallocate   65536 fsync         506.40      8102.4        59.15      64.18      57.12     107.04     124.69       486.91      0.00
    8 overwrite   65536 fdatasync     847.67     13562.8        34.81      38.85      35.32      67.06      81.27       330.26      0.04
    8 overwrite   65536 fsync         656.84     10509.4        37.52      57.56      35.47      71.01     113.17       493.63      0.00

All rounds combined (total measured bytes / total measured time):
workload    block    fsync MiB/s  fdatasync MiB/s  fdatasync/fsync  sync p99 us (fsync / fdatasync)
append      65536         556.10           562.05           1.011x         122.95 / 122.77
fallocate   65536         544.38           567.41           1.042x         123.35 / 123.33
overwrite   65536         629.56           851.27           1.352x         161.23 / 82.39

CSV: <OUTPUT_DIR>/buffered.csv
