Target: <TARGET_DIR>
8 rounds; 2000 measured batches + 100 warmup batches/case; 1 writes/batch; overwrite/fallocate file 2202009600 bytes
Buffered pwrite; single thread; setup/warmup/drain excluded; method order rotates each round.

round workload    block method         MiB/s   batches/s write_avg_us sync_avg_us sync_p50_us sync_p95_us sync_p99_us batch_p99_us  drain_ms
    1 append    1048576 fsync         828.95       829.0       641.55     564.59     474.43     754.53    2312.39      2943.07      0.00
    1 append    1048576 fdatasync     826.82       826.8       636.34     572.90     477.04     636.59    2545.80      3202.97      0.00
    1 fallocate 1048576 fsync         839.81       839.8       628.53     561.98     475.25     978.82    2282.88      2898.90      0.00
    1 fallocate 1048576 fdatasync     845.37       845.4       593.62     589.10     470.69    2106.20    2600.27      3167.29      0.00
    1 overwrite 1048576 fsync         977.47       977.5       471.57     551.30     459.34     636.61    2777.20      3166.89      0.00
    1 overwrite 1048576 fdatasync    1097.36      1097.4       472.89     438.21     432.90     468.74     523.16      1649.32      0.04
    2 append    1048576 fdatasync     845.93       845.9       602.58     579.34     470.61    1978.32    2713.00      3304.06      0.00
    2 append    1048576 fsync         820.38       820.4       605.06     613.70     475.17    2054.58    2553.27      3073.47      0.00
    2 fallocate 1048576 fdatasync     813.15       813.1       607.77     621.84     476.44    2262.08    2726.97      3331.43      0.00
    2 fallocate 1048576 fsync         824.96       825.0       618.20     593.80     473.40    2014.04    2465.37      3044.36      0.00
    2 overwrite 1048576 fdatasync    1124.99      1125.0       452.49     436.28     434.02     454.21     480.75      1299.70      0.04
    2 overwrite 1048576 fsync         977.33       977.3       473.87     549.16     463.77     736.41    2430.67      2935.73      0.00
    3 append    1048576 fsync         858.73       858.7       593.03     571.26     471.99    1611.17    2475.15      3124.38      0.00
    3 append    1048576 fdatasync     829.24       829.2       632.19     573.52     473.62    1811.19    2366.86      3030.92      0.00
    3 fallocate 1048576 fsync         844.09       844.1       596.96     587.53     476.26    1201.85    2556.38      3103.11      0.00
    3 fallocate 1048576 fdatasync     824.38       824.4       609.32     603.51     472.44    2149.46    2615.20      3199.60      0.00
    3 overwrite 1048576 fsync         975.69       975.7       483.10     541.63     463.03     539.62    2557.05      3079.27      0.00
    3 overwrite 1048576 fdatasync    1070.19      1070.2       493.39     440.80     437.38     460.28     494.81      1475.99      0.05
    4 append    1048576 fdatasync     847.15       847.1       628.12     552.07     473.05     588.40    2324.50      3012.34      0.00
    4 append    1048576 fsync         856.41       856.4       624.24     543.21     474.38     545.53    2506.99      3101.09      0.00
    4 fallocate 1048576 fdatasync     843.53       843.5       588.83     596.45     475.54    2043.38    2505.92      3112.29      0.00
    4 fallocate 1048576 fsync         833.79       833.8       635.22     563.92     474.74     632.75    3036.94      3626.09      0.00
    4 overwrite 1048576 fdatasync    1112.45      1112.5       460.10     438.66     435.87     457.70     491.73      1299.54      0.05
    4 overwrite 1048576 fsync         951.97       952.0       492.58     557.70     465.68     649.28    2448.74      3007.68      0.00
    5 append    1048576 fsync         828.81       828.8       626.67     579.68     475.12     663.14    2768.73      3512.85      0.00
    5 append    1048576 fdatasync     840.20       840.2       631.30     558.69     473.61     711.81    2280.13      2978.11      0.00
    5 fallocate 1048576 fsync         839.63       839.6       602.19     588.61     473.99    1992.86    2436.12      3096.95      0.00
    5 fallocate 1048576 fdatasync     826.67       826.7       615.95     593.52     474.52    2002.37    2403.21      3027.31      0.00
    5 overwrite 1048576 fsync         921.53       921.5       511.74     573.22     469.73    1746.60    2560.83      3072.56      0.00
    5 overwrite 1048576 fdatasync    1131.87      1131.9       445.45     437.88     435.74     456.38     480.72      1250.90      0.04
    6 append    1048576 fdatasync     876.15       876.2       591.88     549.29     472.96     624.19    2258.32      2873.46      0.00
    6 append    1048576 fsync         848.23       848.2       594.88     583.86     472.08    1865.71    2744.26      3351.34      0.00
    6 fallocate 1048576 fdatasync     816.67       816.7       634.38     589.90     477.12    1899.01    2360.55      3022.08      0.00
    6 fallocate 1048576 fsync         842.16       842.2       602.70     584.53     473.24    1177.50    3043.43      3761.48      0.00
    6 overwrite 1048576 fdatasync     942.98       943.0       617.35     442.94     439.41     460.65     499.70      1563.93      0.04
    6 overwrite 1048576 fsync         980.64       980.6       458.17     561.40     462.33    1069.18    2667.24      3253.95      0.00
    7 append    1048576 fsync         835.92       835.9       609.14     586.96     473.70    2014.56    2529.33      3173.47      0.00
    7 append    1048576 fdatasync     850.73       850.7       619.72     555.53     476.61     631.05    2234.84      2958.02      0.00
    7 fallocate 1048576 fsync         826.18       826.2       636.83     573.27     476.66     974.29    2564.70      3189.19      0.00
    7 fallocate 1048576 fdatasync     847.78       847.8       590.37     588.98     473.19    1998.49    2489.74      3075.20      0.00
    7 overwrite 1048576 fsync         959.93       959.9       492.29     549.27     462.82     641.42    2455.46      3001.05      0.00
    7 overwrite 1048576 fdatasync    1066.14      1066.1       496.34     441.46     437.62     463.00     508.80      1633.51      0.03
    8 append    1048576 fdatasync     823.96       824.0       617.16     596.30     479.43    1912.77    2552.94      3164.24      0.00
    8 append    1048576 fsync         827.51       827.5       623.91     584.33     477.04    1180.26    2498.23      3152.93      0.00
    8 fallocate 1048576 fdatasync     817.72       817.7       619.54     603.16     483.02    1980.92    2422.81      3024.08      0.00
    8 fallocate 1048576 fsync         827.60       827.6       604.44     603.67     482.80    1992.13    2530.98      3113.64      0.00
    8 overwrite 1048576 fdatasync    1124.98      1125.0       449.57     439.17     435.59     455.96     499.67      1378.79      0.03
    8 overwrite 1048576 fsync         935.68       935.7       499.82     568.74     468.58     632.86    2768.21      3244.43      0.00

All rounds combined (total measured bytes / total measured time):
workload    block    fsync MiB/s  fdatasync MiB/s  fdatasync/fsync  sync p99 us (fsync / fdatasync)
append    1048576         837.90           842.23           1.005x        2524.60 / 2420.85
fallocate 1048576         834.72           829.20           0.993x        2541.50 / 2550.27
overwrite 1048576         959.58          1080.45           1.126x        2589.12 / 502.10

CSV: <OUTPUT_DIR>/buffered.csv
