Target: <TARGET_DIR>
8 rounds; 2000 measured batches + 100 warmup batches/case; 1 writes/batch; overwrite/fallocate file 275251200 bytes
Buffered pwrite; single thread; setup/warmup/drain excluded; method order rotates each round.

round workload    block method         MiB/s   batches/s write_avg_us sync_avg_us sync_p50_us sync_p95_us sync_p99_us batch_p99_us  drain_ms
    1 append     131072 fsync         649.01      5192.1        99.78      92.70      86.15     133.77     149.07       410.56      0.00
    1 append     131072 fdatasync     612.77      4902.1       108.56      95.30      87.15     136.53     166.66       582.79      0.00
    1 fallocate  131072 fsync         653.83      5230.6        96.10      94.97      87.42     135.16     153.90       472.55      0.00
    1 fallocate  131072 fdatasync     678.39      5427.2        88.21      95.94      89.42     135.86     152.72       421.97      0.00
    1 overwrite  131072 fsync         770.22      6161.7        68.31      93.89      62.45      87.69    1770.23      1814.57      0.00
    1 overwrite  131072 fdatasync     982.72      7861.8        63.71      63.41      62.25      68.99      74.82       389.18      0.04
    2 append     131072 fdatasync     695.32      5562.6        85.72      93.95      85.94     134.24     151.72       438.66      0.00
    2 append     131072 fsync         673.71      5389.7        91.69      93.74      86.30     134.48     152.25       441.09      0.00
    2 fallocate  131072 fdatasync     704.90      5639.2        84.87      92.36      85.58     133.64     149.39       447.29      0.00
    2 fallocate  131072 fsync         675.37      5403.0        88.74      96.23      90.86     132.61     149.67       396.50      0.00
    2 overwrite  131072 fdatasync     831.92      6655.4        86.57      63.60      62.19      69.89      79.46       428.79      0.03
    2 overwrite  131072 fsync         857.76      6862.1        66.48      79.17      62.68      86.14     129.41       414.99      0.00
    3 append     131072 fsync         684.45      5475.6        87.63      94.90      86.10     134.82     151.46       412.65      0.00
    3 append     131072 fdatasync     721.86      5774.9        81.33      91.74      85.18     133.29     152.15       392.65      0.00
    3 fallocate  131072 fsync         620.70      4965.6       106.94      94.34      86.82     135.88     158.92       761.13      0.00
    3 fallocate  131072 fdatasync     689.04      5512.4        83.64      97.66      90.68     136.81     156.99       452.07      0.00
    3 overwrite  131072 fsync         759.26      6074.1        67.51      97.05      62.43      92.41    1319.50      1489.43      0.00
    3 overwrite  131072 fdatasync     967.91      7743.3        65.88      63.19      62.17      67.75      73.74       382.32      0.04
    4 append     131072 fdatasync     695.31      5562.5        86.82      92.85      85.77     133.28     149.47       449.12      0.00
    4 append     131072 fsync         710.70      5685.6        83.24      92.54      85.79     134.44     155.08       420.87      0.00
    4 fallocate  131072 fdatasync     634.32      5074.5       100.60      96.34      87.64     134.14     150.39       426.25      0.00
    4 fallocate  131072 fsync         648.89      5191.1        93.49      99.03      92.81     136.91     159.38       418.91      0.00
    4 overwrite  131072 fdatasync     959.11      7672.9        66.34      63.91      62.33      74.51      77.71       392.41      0.03
    4 overwrite  131072 fsync         799.55      6396.4        64.89      91.37      62.25      90.92    1542.30      1756.77      0.00
    5 append     131072 fsync         690.05      5520.4        87.95      93.09      85.81     134.47     154.85       418.74      0.00
    5 append     131072 fdatasync     709.72      5677.8        84.12      91.91      85.59     134.46     149.97       402.90      0.00
    5 fallocate  131072 fsync         685.77      5486.1        89.89      92.29      86.21     133.05     152.02       392.13      0.00
    5 fallocate  131072 fdatasync     683.42      5467.4        84.78      98.02      90.87     135.56     154.32       440.95      0.00
    5 overwrite  131072 fsync         804.68      6437.5        76.94      78.31      63.25      87.05     137.98       447.93      0.00
    5 overwrite  131072 fdatasync    1005.57      8044.6        61.03      63.20      62.13      68.32      76.47       362.84      0.09
    6 append     131072 fdatasync     691.54      5532.3        87.44      93.21      86.14     134.55     152.94       395.60      0.00
    6 append     131072 fsync         672.14      5377.1        91.56      94.30      86.92     134.23     153.68       410.20      0.00
    6 fallocate  131072 fdatasync     712.08      5696.7        83.17      92.27      85.74     132.45     151.41       400.44      0.00
    6 fallocate  131072 fsync         643.62      5149.0        93.46     100.63      92.58     137.72     165.00       447.33      0.00
    6 overwrite  131072 fdatasync     953.82      7630.6        67.13      63.84      62.06      71.55      84.08       439.80      0.03
    6 overwrite  131072 fsync         742.58      5940.7        69.35      98.90      62.75      95.00    2164.97      2306.95      0.00
    7 append     131072 fsync         664.15      5313.2        92.98      95.12      85.96     134.24     151.49       497.34      0.00
    7 append     131072 fdatasync     673.34      5386.7        92.99      92.53      86.20     133.37     149.59       448.84      0.00
    7 fallocate  131072 fsync         705.02      5640.2        85.14      92.06      85.45     133.51     144.74       422.00      0.00
    7 fallocate  131072 fdatasync     705.46      5643.7        84.89      92.20      85.78     132.36     146.78       405.10      0.00
    7 overwrite  131072 fsync         718.80      5750.4        70.81     103.01      62.74      90.71    2164.67      2386.79      0.00
    7 overwrite  131072 fdatasync     950.58      7604.7        68.05      63.37      62.29      69.30      75.04       389.53      0.03
    8 append     131072 fdatasync     667.09      5336.7        93.05      94.22      86.59     134.68     155.06       456.44      0.00
    8 append     131072 fsync         669.44      5355.5        93.01      93.61      86.43     133.86     147.08       429.40      0.00
    8 fallocate  131072 fdatasync     727.15      5817.2        80.00      91.81      85.51     132.00     150.49       386.09      0.00
    8 fallocate  131072 fsync         705.31      5642.5        80.33      96.80      89.66     136.25     157.34       403.22      0.00
    8 overwrite  131072 fdatasync    1019.30      8154.4        59.38      63.18      62.15      68.44      73.36       375.27      0.04
    8 overwrite  131072 fsync         823.28      6586.2        71.94      79.80      63.07      89.56     139.44       449.01      0.00

All rounds combined (total measured bytes / total measured time):
workload    block    fsync MiB/s  fdatasync MiB/s  fdatasync/fsync  sync p99 us (fsync / fdatasync)
append     131072         676.27           681.85           1.008x         152.13 / 154.17
fallocate  131072         666.09           690.80           1.037x         155.63 / 151.39
overwrite  131072         782.23           955.64           1.222x        1028.00 / 77.27

CSV: <OUTPUT_DIR>/buffered.csv
