Target: <TARGET_DIR>
8 rounds; 2000 measured batches + 100 warmup batches/case; 1 writes/batch; overwrite/fallocate file 67108864 bytes
Buffered pwrite; single thread; setup/warmup/drain excluded; method order rotates each round.

round workload    block method         MiB/s   batches/s write_avg_us sync_avg_us sync_p50_us sync_p95_us sync_p99_us batch_p99_us  drain_ms
    1 append      16384 fsync         278.66     17834.5        17.79      38.18      35.13      48.98      96.13       335.98      0.00
    1 append      16384 fdatasync     264.06     16900.0        21.07      38.01      35.48      47.00      95.37       293.03      0.00
    1 fallocate   16384 fsync         280.68     17963.3        17.62      37.96      35.24      46.52      93.56       318.17      0.00
    1 fallocate   16384 fdatasync     277.01     17728.8        18.25      38.07      35.36      46.60      96.59       280.44      0.00
    1 overwrite   16384 fsync         466.05     29826.9        10.05      23.40      14.92      34.43      82.19       238.95      0.00
    1 overwrite   16384 fdatasync     521.46     33373.7        12.68      17.21      15.05      19.18      77.53       125.84      0.03
    2 append      16384 fdatasync     265.65     17001.5        19.86      38.88      35.31      55.09      99.55       380.81      0.00
    2 append      16384 fsync         271.78     17393.8        18.67      38.74      36.23      47.84      93.99       317.71      0.00
    2 fallocate   16384 fdatasync     278.30     17811.0        17.50      38.57      35.71      50.01      94.41       316.20      0.00
    2 fallocate   16384 fsync         290.92     18618.7        15.47      38.16      35.31      48.48      94.34       314.13      0.00
    2 overwrite   16384 fdatasync     515.99     33023.3        13.64      16.58      15.03      18.45      77.71       152.15      0.03
    2 overwrite   16384 fsync         391.93     25083.8        13.14      26.67      15.00      35.22      86.92       291.43      0.00
    3 append      16384 fsync         287.92     18426.7        16.02      38.18      35.26      50.42      94.47       338.81      0.00
    3 append      16384 fdatasync     284.20     18188.9        16.88      38.03      35.33      46.06      95.78       288.44      0.00
    3 fallocate   16384 fsync         293.92     18811.1        15.58      37.50      35.11      45.69      95.46       332.39      0.00
    3 fallocate   16384 fdatasync     288.54     18466.5        15.80      38.28      35.70      47.25      93.53       333.77      0.00
    3 overwrite   16384 fsync         345.07     22084.2        16.03      29.19      14.80      34.81      92.06       203.36      0.00
    3 overwrite   16384 fdatasync     562.08     35972.8        10.52      17.21      14.90      19.08      79.42       218.77      0.04
    4 append      16384 fdatasync     276.92     17723.2        18.00      38.35      35.54      49.04      94.56       283.63      0.00
    4 append      16384 fsync         273.20     17485.1        19.00      38.11      35.40      47.71      95.40       284.24      0.00
    4 fallocate   16384 fdatasync     285.57     18276.5        16.81      37.83      35.23      46.53      93.48       296.85      0.00
    4 fallocate   16384 fsync         273.48     17502.6        17.58      39.47      36.41      51.60      95.54       328.80      0.00
    4 overwrite   16384 fdatasync     560.57     35876.4         9.80      18.01      15.75      20.09      80.55       199.66      0.03
    4 overwrite   16384 fsync         341.72     21870.1        15.26      30.40      14.94      36.62      91.95       360.59      0.00
    5 append      16384 fsync         270.35     17302.7        18.35      39.36      36.80      50.62      95.22       314.87      0.00
    5 append      16384 fdatasync     260.53     16674.0        20.61      39.29      36.27      48.36      94.90       240.84      0.00
    5 fallocate   16384 fsync         279.81     17907.8        16.32      39.44      36.49      50.34      95.93       246.84      0.00
    5 fallocate   16384 fdatasync     271.45     17373.1        16.81      40.67      35.93      52.71      96.92       354.59      0.00
    5 overwrite   16384 fsync         516.08     33029.0        11.58      18.64      15.67      35.34      81.19       150.27      0.00
    5 overwrite   16384 fdatasync     575.83     36853.4         9.89      17.18      15.67      20.04      73.04       137.68      0.03
    6 append      16384 fdatasync     293.74     18799.1        15.21      37.90      35.11      46.91      95.56       280.55      0.00
    6 append      16384 fsync         295.55     18915.1        15.21      37.59      35.07      47.35      93.93       267.95      0.00
    6 fallocate   16384 fdatasync     291.47     18654.2        15.34      38.19      35.58      47.00      95.51       312.88      0.00
    6 fallocate   16384 fsync         256.45     16412.6        21.41      39.43      36.05      52.73      93.39       237.12      0.00
    6 overwrite   16384 fdatasync     574.15     36745.5        10.04      17.11      15.06      18.64      77.42       174.68      0.02
    6 overwrite   16384 fsync         491.18     31435.7        10.26      21.49      14.99      34.59      85.20       219.15      0.00
    7 append      16384 fsync         277.43     17755.3        18.19      38.06      35.46      46.55      94.71       216.86      0.00
    7 append      16384 fdatasync     280.32     17940.3        17.72      37.95      35.50      46.72      93.74       227.62      0.00
    7 fallocate   16384 fsync         282.78     18098.2        16.74      38.44      35.24      51.93      96.00       292.03      0.00
    7 fallocate   16384 fdatasync     293.53     18785.9        15.39      37.77      35.25      46.21      94.73       269.87      0.00
    7 overwrite   16384 fsync         550.77     35249.4        10.92      17.39      15.08      24.60      76.36       218.51      0.00
    7 overwrite   16384 fdatasync     553.57     35428.2        10.90      17.26      15.05      18.91      75.89       117.79      0.05
    8 append      16384 fdatasync     303.72     19438.0        13.72      37.66      35.30      45.35      93.59       276.62      0.00
    8 append      16384 fsync         290.80     18611.2        15.72      37.94      34.98      52.61      94.17       288.97      0.00
    8 fallocate   16384 fdatasync     278.37     17816.0        17.30      38.75      36.22      47.10      96.43       277.46      0.00
    8 fallocate   16384 fsync         283.65     18153.4        15.99      39.02      36.62      48.37      94.19       254.09      0.00
    8 overwrite   16384 fdatasync     488.64     31273.0        13.80      18.11      15.75      21.08      78.43       224.86      0.03
    8 overwrite   16384 fsync         411.56     26339.6        11.85      26.05      15.64      37.14      87.51       284.59      0.00

All rounds combined (total measured bytes / total measured time):
workload    block    fsync MiB/s  fdatasync MiB/s  fdatasync/fsync  sync p99 us (fsync / fdatasync)
append      16384         280.43           277.93           0.991x          95.11 / 95.35
fallocate   16384         279.78           282.84           1.011x          94.73 / 95.55
overwrite   16384         426.88           542.37           1.271x          85.14 / 77.65

CSV: <OUTPUT_DIR>/buffered.csv
