Target: <TARGET_DIR>
8 rounds; 2000 measured batches + 100 warmup batches/case; 1 writes/batch; overwrite/fallocate file 1101004800 bytes
Buffered pwrite; single thread; setup/warmup/drain excluded; method order rotates each round.

round workload    block method         MiB/s   batches/s write_avg_us sync_avg_us sync_p50_us sync_p95_us sync_p99_us batch_p99_us  drain_ms
    1 append     524288 fsync         677.30      1354.6       353.50     384.55     258.05    1965.87    2677.27      3082.79      0.00
    1 append     524288 fdatasync     701.58      1403.2       330.24     382.28     255.11    2065.84    2548.94      2981.01      0.00
    1 fallocate  524288 fsync         835.92      1671.8       322.32     275.60     262.32     363.42     419.02      1022.89      0.00
    1 fallocate  524288 fdatasync     874.94      1749.9       307.71     263.56     257.66     296.65     356.44       895.17      0.00
    1 overwrite  524288 fsync         813.15      1626.3       306.14     308.55     238.66     296.87    2414.68      2856.49      0.00
    1 overwrite  524288 fdatasync    1085.66      2171.3       236.82     223.57     221.41     234.02     259.84       908.43      0.04
    2 append     524288 fdatasync     654.00      1308.0       330.14     434.20     259.26    2475.82    3356.53      3742.45      0.00
    2 append     524288 fsync         806.31      1612.6       334.20     285.72     254.21     298.93    1960.88      2844.75      0.00
    2 fallocate  524288 fdatasync     879.29      1758.6       308.14     260.33     257.39     286.19     305.01       854.17      0.00
    2 fallocate  524288 fsync         888.80      1777.6       299.56     262.81     255.56     297.81     386.83       859.07      0.00
    2 overwrite  524288 fdatasync    1071.10      2142.2       242.39     224.26     221.88     239.77     253.13       776.42      0.03
    2 overwrite  524288 fsync         903.64      1807.3       252.29     300.85     240.06     292.05    2331.82      2778.90      0.00
    3 append     524288 fsync         696.22      1392.4       325.81     392.18     257.52    1837.43    2670.71      3072.63      0.00
    3 append     524288 fdatasync     739.32      1478.6       314.89     361.26     255.67     393.57    3093.34      3576.19      0.00
    3 fallocate  524288 fsync         897.76      1795.5       295.92     260.88     256.16     285.01     308.37       821.03      0.00
    3 fallocate  524288 fdatasync     827.15      1654.3       331.49     272.84     259.50     299.88     381.80      1168.59      0.00
    3 overwrite  524288 fsync         855.30      1710.6       264.75     319.71     240.70     317.87    2818.12      3170.03      0.00
    3 overwrite  524288 fdatasync    1046.02      2092.0       253.13     224.75     222.42     240.69     261.66       958.19      0.08
    4 append     524288 fdatasync     708.03      1416.1       332.77     373.27     255.29    1889.44    2590.22      3028.47      0.00
    4 append     524288 fsync         774.18      1548.4       319.51     326.19     257.01     413.21    2508.41      2958.79      0.00
    4 fallocate  524288 fdatasync     887.13      1774.3       301.54     261.90     257.77     284.59     305.57       841.77      0.00
    4 fallocate  524288 fsync         892.84      1785.7       302.33     257.54     254.61     283.26     307.45       850.09      0.00
    4 overwrite  524288 fdatasync    1048.10      2096.2       252.93     224.01     221.74     236.99     264.42      1087.50      0.03
    4 overwrite  524288 fsync         878.93      1757.9       263.46     305.28     239.12     294.84    2503.85      2949.90      0.00
    5 append     524288 fsync         633.71      1267.4       366.94     421.90     258.24    2213.12    2644.30      3025.72      0.00
    5 append     524288 fdatasync     708.01      1416.0       326.10     379.96     255.24    1994.14    2633.75      3066.29      0.00
    5 fallocate  524288 fsync         873.24      1746.5       304.46     267.99     258.92     320.39     423.43       850.84      0.00
    5 fallocate  524288 fdatasync     863.59      1727.2       308.13     270.71     256.76     343.48     425.63       846.58      0.00
    5 overwrite  524288 fsync         784.73      1569.5       279.45     357.60     238.96    1602.74    2562.57      2964.15      0.00
    5 overwrite  524288 fdatasync    1072.24      2144.5       242.47     223.73     221.09     250.56     262.38       816.94      0.05
    6 append     524288 fdatasync     692.28      1384.6       329.19     392.92     255.50    2178.12    2650.26      3026.24      0.00
    6 append     524288 fsync         688.39      1376.8       324.05     402.14     255.28    2173.12    2623.56      2990.08      0.00
    6 fallocate  524288 fdatasync     847.29      1694.6       322.11     267.86     259.55     291.22     389.29      1103.58      0.00
    6 fallocate  524288 fsync         876.71      1753.4       302.15     268.03     255.96     345.56     413.77       888.70      0.00
    6 overwrite  524288 fdatasync    1032.04      2064.1       257.49     226.86     222.79     238.78     269.63       910.72      0.05
    6 overwrite  524288 fsync         822.48      1645.0       274.99     332.78     241.24     394.18    2650.33      3052.46      0.00
    7 append     524288 fsync         747.24      1494.5       325.79     343.19     254.12     327.08    2576.30      2915.20      0.00
    7 append     524288 fdatasync     767.59      1535.2       321.18     330.07     254.28     307.36    2509.92      2959.88      0.00
    7 fallocate  524288 fsync         879.33      1758.7       305.27     263.20     256.89     286.53     310.05       892.14      0.00
    7 fallocate  524288 fdatasync     839.53      1679.1       323.09     272.33     259.65     331.92     396.11       966.71      0.00
    7 overwrite  524288 fsync         836.43      1672.9       266.34     331.32     237.91     318.58    2499.39      2940.07      0.00
    7 overwrite  524288 fdatasync    1052.87      2105.7       249.91     224.86     222.95     241.36     258.54       802.46      0.03
    8 append     524288 fdatasync     748.04      1496.1       355.37     312.88     255.96     306.64    2434.39      3009.12      0.00
    8 append     524288 fsync         780.07      1560.1       332.24     308.58     255.28     293.56    2907.55      3429.00      0.00
    8 fallocate  524288 fdatasync     894.90      1789.8       298.23     260.36     257.38     285.74     305.29       849.18      0.00
    8 fallocate  524288 fsync         882.26      1764.5       307.51     259.08     255.74     285.88     302.11       826.11      0.00
    8 overwrite  524288 fdatasync    1068.14      2136.3       244.22     223.77     222.25     236.49     256.58       770.09      0.03
    8 overwrite  524288 fsync         823.75      1647.5       259.86     347.00     238.23    1605.05    2482.28      2815.03      0.00

All rounds combined (total measured bytes / total measured time):
workload    block    fsync MiB/s  fdatasync MiB/s  fdatasync/fsync  sync p99 us (fsync / fdatasync)
append     524288         721.01           713.27           0.989x        2627.16 / 2748.79
fallocate  524288         877.98           863.63           0.984x         393.46 / 378.50
overwrite  524288         838.31          1059.26           1.264x        2544.12 / 260.80

CSV: <OUTPUT_DIR>/buffered.csv
